BTC_BCHA	not listed	0	0	0	0	0	0	0
BTC_BCH	trading	0.01501470	0.01500935	0.01499500	0.01455776	0.01511501	3.70941541	250.30308263
BTC_BCHSV	trading	0.00412613	0.00414498	0.00412251	0.00412115	0.00430196	4.77184104	1138.81435858
BTC_FCH	not listed	0	0	0	0	0	0	0
BTC_LSK	trading	0.00007484	0.00007489	0.00007466	0.00007221	0.00008000	2.69356699	35515.16358970
BTC_LTC	trading	0.00400221	0.00400323	0.00400017	0.00390491	0.00404208	32.81854385	8229.80314881
BTC_XRP	trading	0.00001892	0.00001895	0.00001893	0.00001835	0.00001920	39.90556681	2137096.53796393
BTC_DGB	trading	0.00000125	0.00000125	0.00000124	0.00000121	0.00000127	11.90527420	9633194.28660164
BTC_DASH	not listed	0	0	0	0	0	0	0
BTC_XEM	trading	0.00000362	0.00000362	0.00000361	0.00000354	0.00000377	7.11241549	1947308.81224348
BTC_STR	trading	0.00000737	0.00000738	0.00000737	0.00000715	0.00000752	7.13647323	980037.84294636
BTC_VTC	trading	0.00001521	0.00001540	0.00001524	0.00001486	0.00001589	1.29613017	84441.94394047
BTC_SYS	trading	0.00000352	0.00000357	0.00000350	0.00000349	0.00000361	0.42044362	118027.13371844
BTC_REPV2	trading	0.00045798	0.00045424	0.00044216	0.00044195	0.00047371	0.45651261	997.04782933
BTC_NMC	not listed	0	0	0	0	0	0	0
BTC_DOGE	trading	0.00000653	0.00000656	0.00000653	0.00000605	0.00000698	70.67265600	10791974.08113853
BTC_MANA	trading	0.00001970	0.00001965	0.00001958	0.00001840	0.00002035	8.26544913	425695.81145022
BTC_SC	trading	0.00000038	0.00000039	0.00000038	0.00000038	0.00000042	2.31378910	5928078.85282353
BTC_BCN	not listed	0	0	0	0	0	0	0
BTC_XMR	not listed	0	0	0	0	0	0	0
USDT_BTC	trading	33388.58857530	33388.58857530	33378.31236263	32284.68000000	33689.81590000	8465513.00405348	256.63651383
USDT_BCHA	not listed	0	0	0	0	0	0	0
USDT_BCH	trading	500.62277576	501.05566848	500.19371217	472.18790754	504.20000000	130983.35549681	269.86841604
USDT_BCHSV	trading	139.03566600	138.09921030	137.61100000	134.67292614	140.99399999	57847.14091085	422.60592551
USDT_FCH	not listed	0	0	0	0	0	0	0
USDT_LSK	not listed	0	0	0	0	0	0	0
USDT_LTC	trading	133.35707052	133.60817381	133.49300681	126.16248615	135.29183459	156820.40203536	1196.07743217
USDT_XRP	trading	0.62967925	0.63247321	0.63187388	0.59250773	0.64502214	643264.68600094	1036233.68690091
USDT_DGB	trading	0.04143786	0.04143786	0.04119709	0.03921300	0.04190217	394321.55753506	9774981.49157493
USDT_DASH	not listed	0	0	0	0	0	0	0
USDT_XEM	not listed	0	0	0	0	0	0	0
USDT_STR	trading	0.24552463	0.24621198	0.24586100	0.23321493	0.24815022	114459.49968167	475560.30089920
USDT_VTC	not listed	0	0	0	0	0	0	0
USDT_SYS	not listed	0	0	0	0	0	0	0
USDT_REPV2	not listed	0	0	0	0	0	0	0
USDT_NMC	not listed	0	0	0	0	0	0	0
USDT_DOGE	trading	0.21813233	0.21853142	0.21836845	0.19581246	0.22950510	5500881.09550359	25460679.71254774
USDT_MANA	not listed	0	0	0	0	0	0	0
USDT_SC	trading	0.01295000	0.01302205	0.01293541	0.01243276	0.01349402	64606.95241950	5000582.65355837
USDT_BCN	not listed	0	0	0	0	0	0	0
USDT_XMR	not listed	0	0	0	0	0	0	0