BTC_BCHA	trading	0.00037400	0.00038534	0.00037400	0.00032512	0.00039218	0.17169155	515.90865445
BTC_BCH	trading	0.01334201	0.01332367	0.01326884	0.01306521	0.01358000	10.21148361	762.11530615
BTC_BCHSV	trading	0.00570948	0.00573802	0.00569991	0.00550001	0.00603050	4.13375949	723.11495427
BTC_LSK	trading	0.00003593	0.00003623	0.00003563	0.00003359	0.00003615	0.02857616	825.47006278
BTC_LTC	trading	0.00389198	0.00389927	0.00389025	0.00379691	0.00400000	25.49398998	6560.83129160
BTC_XRP	trading	0.00000774	0.00000775	0.00000774	0.00000743	0.00000778	75.79526633	9937578.43847814
BTC_DGB	not listed	0	0	0	0	0	0	0
BTC_DASH	trading	0.00345704	0.00343604	0.00342989	0.00334548	0.00352534	5.55605169	1623.38519128
BTC_XEM	trading	0.00000595	0.00000595	0.00000592	0.00000562	0.00000598	9.54483646	1645841.03613475
BTC_STR	trading	0.00000777	0.00000779	0.00000777	0.00000749	0.00000795	9.24397089	1196200.86401369
BTC_REPV2	trading	0.00052000	0.00053138	0.00051138	0.00048000	0.00053368	0.07244475	141.92995889
BTC_DOGE	trading	0.00000025	0.00000026	0.00000025	0.00000023	0.00000026	10.83115242	43718166.71893007
BTC_MANA	trading	0.00000294	0.00000307	0.00000287	0.00000279	0.00000294	0.01359758	4765.82996886
BTC_SC	trading	0.00000012	0.00000013	0.00000012	0.00000011	0.00000013	0.59388592	5062285.66499082
BTC_BCN	not listed	0	0	0	0	0	0	0
BTC_XMR	trading	0.00434008	0.00437541	0.00434155	0.00406326	0.00438514	36.60082810	8600.73424456
USDT_BTC	trading	35952.47494131	35980.76551112	35952.47494131	34444.00000000	39920.00000000	104852631.03734335	2786.20477889
USDT_BCHA	trading	13.98412150	13.98412156	13.50000000	13.20100000	15.00000000	16324.18336842	1162.73992197
USDT_BCH	trading	479.06624920	479.09294254	476.88230706	455.00000000	535.00000000	745970.04611993	1480.20193233
USDT_BCHSV	trading	205.51524882	206.72179547	205.05377562	190.00000004	235.76066731	165475.59379692	780.36692338
USDT_LSK	trading	1.28100000	1.31000000	1.25302009	1.22677648	1.41000000	1199.51540945	890.76647510
USDT_LTC	trading	140.23841787	140.28023649	139.88563793	130.63826957	155.54457499	3014964.58292392	20577.98331955
USDT_XRP	trading	0.27900000	0.27872844	0.27850000	0.26235137	0.30300000	3835094.42799170	13483537.70881821
USDT_DGB	not listed	0	0	0	0	0	0	0
USDT_DASH	trading	123.50000000	123.57310849	123.50000000	116.80001469	137.50000000	387462.92758164	2993.85257087
USDT_XEM	not listed	0	0	0	0	0	0	0
USDT_STR	trading	0.28000000	0.28031904	0.27829457	0.26000000	0.31499900	454053.24033342	1560992.79491768
USDT_REPV2	trading	17.89923800	18.93925933	18.39066194	17.89923753	20.00000000	9344.75091982	479.74633443
USDT_DOGE	trading	0.00909999	0.00909999	0.00903664	0.00837137	0.00984573	258543.30812481	27703004.66048810
USDT_MANA	trading	0.10330041	0.10620038	0.10288216	0.10107391	0.11385194	1535.31730111	13985.16090856
USDT_SC	trading	0.00440000	0.00448662	0.00427585	0.00420000	0.00475000	40803.22853106	9168967.40209489
USDT_BCN	trading	0.00014179	0.00014382	0.00014179	0.00014179	0.00015455	4599.94456064	31388365.41958616
USDT_XMR	trading	156.15466703	156.70629451	156.14113740	147.50000000	169.36092979	507214.63187810	3128.57611649